timestamp,time (s),T(t) (K),P(t) (Pa),Kinetic En. (n.u.),Potential En. (n.u.),Total En. (n.u.)
1653456896, 23636.3760, 0.0000e+00, 1497.00000000, 0.00000000, 103341.54172200, -7.13455587, 103334.40716613 
1653456897, 23639.7930, 0.0000e+00, 1497.00000000, 0.00000000, 103341.54172200, -7.13455587, 103334.40716613 
1653456898, 24056.4190, 0.0000e+00, 1497.00000000, 0.00000000, 103341.54172200, -7.13455587, 103334.40716613 
1653456899, 23585.5510, 0.0000e+00, 1497.00000000, 0.00000000, 103341.54172200, -7.13455587, 103334.40716613 
1653456900, 28611.9590, 0.0000e+00, 1497.00000000, 0.00000000, 103341.54172200, -7.13455587, 103334.40716613 
1653456901, 23571.5770, 0.0000e+00, 1497.00000000, 0.00000000, 103341.54172200, -7.13455587, 103334.40716613 
1653456902, 25548.7980, 0.0000e+00, 1497.00000000, 0.00000000, 103341.54172200, -7.13455587, 103334.40716613 
1653456903, 33673.9060, 0.0000e+00, 1497.00000000, 0.00000000, 103341.54172200, -7.13455587, 103334.40716613 
1653456904, 23963.4980, 0.0000e+00, 1497.00000000, 0.00000000, 103341.54172200, -7.13455587, 103334.40716613 
1653456905, 23885.6350, 0.0000e+00, 1497.00000000, 0.00000000, 103341.54172200, -7.13455587, 103334.40716613 
