timestamp,time (s),T(t) (K),P(t) (Pa),Kinetic En. (n.u.),Potential En. (n.u.),Total En. (n.u.)
1653457159, 23563.7320, 0.0000e+00, 1497.00000000, 0.00000000, 103341.54172200, -7.13455587, 103334.40716613 
1653457160, 23767.1390, 0.0000e+00, 1497.00000000, 0.00000000, 103341.54172200, -7.13455587, 103334.40716613 
1653457161, 25003.1390, 0.0000e+00, 1497.00000000, 0.00000000, 103341.54172200, -7.13455587, 103334.40716613 
1653457162, 31376.9110, 0.0000e+00, 1497.00000000, 0.00000000, 103341.54172200, -7.13455587, 103334.40716613 
1653457163, 24038.7400, 0.0000e+00, 1497.00000000, 0.00000000, 103341.54172200, -7.13455587, 103334.40716613 
1653457164, 44710.2360, 0.0000e+00, 1497.00000000, 0.00000000, 103341.54172200, -7.13455587, 103334.40716613 
1653457165, 27636.0190, 0.0000e+00, 1497.00000000, 0.00000000, 103341.54172200, -7.13455587, 103334.40716613 
1653457166, 23759.2810, 0.0000e+00, 1497.00000000, 0.00000000, 103341.54172200, -7.13455587, 103334.40716613 
1653457167, 23735.5360, 0.0000e+00, 1497.00000000, 0.00000000, 103341.54172200, -7.13455587, 103334.40716613 
1653457168, 23608.3230, 0.0000e+00, 1497.00000000, 0.00000000, 103341.54172200, -7.13455587, 103334.40716613 
1653457169, 23616.1280, 0.0000e+00, 1497.00000000, 0.00000000, 103341.54172200, -7.13455587, 103334.40716613 
